83
1 0 2 17
2 0 1 3 5
3 0 2 4 9
4 0 3 5 7
5 0 4 6 10
6 0 5 10 11
7 2 4 9
8 0 2 9 22
9 0 3 7 8 18 19
10 0 5 6 12 19
11 0 6 13 14
12 3 10 14
13 0 11 15
14 0 11 12 20 24
15 0 13 20 83
16 0 83 21
17 0 1 22 40
18 4 9 23
19 0 9 10 24 29
20 0 14 15 25
21 0 16 28 39
22 0 8 17 23 32
23 0 18 22 29 43
24 0 14 19 30 35
25 4 20 30
26 0 27 31 34 83
27 2 26 28
28 0 21 27 38
29 0 19 23 33
30 0 24 25 34 44
31 1 26 36
32 3 22 42
33 1 29 35
34 0 26 30 52 54
35 0 24 33 44
36 0 31 37 55
37 4 36 38
38 0 28 26 39 56
39 0 21 38 57
40 0 17 41 46
41 2 40 42
42 0 32 41 43
43 0 23 42 44 45
44 0 30 35 51
45 0 43 47 49
46 0 40 47 58
47 0 45 46 48
48 0 47 49 60
49 0 45 48 50
50 0 49 51 62
51 0 44 50 52 63
52 0 34 51 53 66
53 3 52 54
54 0 34 53 55 67
55 0 36 54 56 68
56 0 38 55 57 65
57 0 39 56 70
58 0 46 59 71
59 3 58 60
60 0 48 59 61 74
61 4 60 62
62 0 50 61 64 75
63 3 51 64
64 0 62 63 77
65 1 56 69
66 0 52 67 78
67 0 54 66 68 72
68 0 55 67 69 80
69 0 65 68 70 81
70 0 57 69 82
71 0 58 73
72 4 67 79
73 0 71 74
74 0 60 73 75
75 0 62 74 76
76 2 75 77
77 0 64 76
78 0 66 79
79 0 72 78 80
80 0 68 79 81
81 0 69 80 82
82 0 70 81
83 0 15 16 26