80
1 0 2 20
2 0 1 3 7
3 0 2 4 9
4 0 3 5 9
5 0 4 6 12
6 2 5 8
7 0 2 9 21
8 0 6 11 12 18
9 0 3 4 7 10 18
10 4 9 26
11 0 8 13 17 19
12 0 5 8 13
13 0 11 12 15
14 0 15 16 19
15 0 13 14
16 0 14 22 24
17 3 11 25
18 0 8 9 25 27
19 0 11 14 28
20 0 1 31 21
21 0 7 20 26 32
22 0 16 30
23 0 24 30 36
24 0 16 23 29 35
25 0 17 18 28 34
26 0 10 21 27 33
27 0 18 26 34
28 0 19 25 29 42
29 0 24 28 51 52
30 0 22 23 37
31 1 20 38
32 2 21 39
33 3 26 40
34 0 25 27 42
35 0 24 36 53
36 0 23 35 43 55
37 1 30 55
38 0 31 39 44
39 0 32 38 40
40 0 33 39 41 46
41 1 40 42
42 0 28 34 41 50
43 2 36 54
44 0 38 45 56
45 0 44 46 47
46 0 40 45 48
47 0 45 48 57
48 0 46 47 49
49 0 48 50 59
50 0 42 49 51 60
51 0 29 50 52 61
52 0 29 51 53 62
53 0 35 52 54 64
54 0 43 53 65 66
55 0 36 37 66
56 0 44 57 67
57 0 47 56 58 71
58 3 57 59
59 0 49 58 60 73
60 0 50 59 68
61 0 51 63 75
62 3 52 63
63 0 61 62 64 76
64 0 53 63 64 77
65 0 54 64 69 79
66 0 54 55 78
67 4 56 70
68 2 60 74
69 4 65 78
70 0 67 71
71 0 57 70 72
72 1 71 73
73 0 59 72 74
74 0 68 73
75 0 61 76
76 0 63 75 77
77 0 64 76 78
78 0 69 77 80
79 0 65 66 80
80 0 78 79